001_01.jpg 0 0 533 548
001_02.jpg 0 0 358 339
001_03.jpg 0 0 388 364
001_04.jpg 0 0 557 530
001_05.jpg 0 0 401 423
002_01.jpg 0 0 445 507
002_02.jpg 0 0 436 403
002_03.jpg 0 0 436 420
002_04.jpg 0 0 404 386
002_05.jpg 0 0 545 608
003_01.jpg 0 0 502 530
003_02.jpg 0 0 401 423
003_03.jpg 0 0 266 231
003_04.jpg 0 0 364 381
003_05.jpg 0 0 250 252
004_01.jpg 0 0 470 431
004_02.jpg 0 0 356 319
004_03.jpg 0 0 295 264
004_04.jpg 0 0 423 380
004_05.jpg 0 0 404 368
005_01.jpg 0 0 320 209
005_02.jpg 0 0 336 304
005_03.jpg 0 0 401 358
005_04.jpg 0 0 629 523
005_05.jpg 0 0 320 288
006_01.jpg 0 0 440 368
006_02.jpg 0 0 509 558
006_03.jpg 0 0 351 320
006_04.jpg 0 0 533 533
006_05.jpg 0 0 470 478
007_01.jpg 0 0 485 436
007_02.jpg 0 0 320 288
007_03.jpg 0 0 530 530
007_04.jpg 0 0 423 443
007_05.jpg 0 0 351 320
008_01.jpg 0 0 349 349
008_02.jpg 0 0 336 320
008_03.jpg 0 0 404 368
008_04.jpg 0 0 380 401
008_05.jpg 0 0 293 293
009_01.jpg 0 0 307 307
009_02.jpg 0 0 368 320
009_03.jpg 0 0 485 485
009_04.jpg 0 0 351 351
009_05.jpg 0 0 221 211
010_01.jpg 0 0 331 312
010_02.jpg 0 0 401 380
010_03.jpg 0 0 288 304
010_04.jpg 0 0 242 218
010_05.jpg 0 0 264 279
011_01.jpg 0 0 386 368
011_02.jpg 0 0 456 445
011_03.jpg 0 0 255 231
011_04.jpg 0 0 557 530
011_05.jpg 0 0 304 336
012_01.jpg 0 0 264 293
012_02.jpg 0 0 287 345
012_03.jpg 0 0 557 614
012_04.jpg 0 0 380 358
012_05.jpg 0 0 266 244
013_01.jpg 0 0 221 242
013_02.jpg 0 0 312 349
013_03.jpg 0 0 464 464
013_04.jpg 0 0 386 349
013_05.jpg 0 0 386 349
014_01.jpg 0 0 461 461
014_02.jpg 0 0 461 461
014_03.jpg 0 0 380 443
014_04.jpg 0 0 530 557
014_05.jpg 0 0 288 320
015_01.jpg 0 0 481 497
015_02.jpg 0 0 242 231
015_03.jpg 0 0 428 423
015_04.jpg 0 0 423 443
015_05.jpg 0 0 441 349
016_01.jpg 0 0 336 288
016_02.jpg 0 0 404 368
016_03.jpg 0 0 545 669
016_04.jpg 0 0 404 331
016_05.jpg 0 0 509 412
017_01.jpg 0 0 557 557
017_02.jpg 0 0 242 218
017_03.jpg 0 0 281 247
017_04.jpg 0 0 320 320
017_05.jpg 0 0 397 358
018_01.jpg 0 0 255 218
018_02.jpg 0 0 387 395
018_03.jpg 0 0 401 423
018_04.jpg 0 0 412 461
018_05.jpg 0 0 307 293
019_01.jpg 0 0 502 473
019_02.jpg 0 0 325 266
019_03.jpg 0 0 502 502
019_04.jpg 0 0 279 250
019_05.jpg 0 0 368 386
020_01.jpg 0 0 404 331
020_02.jpg 0 0 485 485
020_03.jpg 0 0 497 454
020_04.jpg 0 0 387 405
020_05.jpg 0 0 242 256
021_01.jpg 0 0 443 423
021_02.jpg 0 0 485 485
021_03.jpg 0 0 231 223
021_04.jpg 0 0 317 317
021_05.jpg 0 0 288 304
022_01.jpg 0 0 266 255
022_02.jpg 0 0 485 461
022_03.jpg 0 0 386 349
022_04.jpg 0 0 533 485
022_05.jpg 0 0 307 307
023_01.jpg 0 0 386 386
023_02.jpg 0 0 445 387
023_03.jpg 0 0 585 585
023_04.jpg 0 0 348 279
023_05.jpg 0 0 461 412
024_01.jpg 0 0 530 585
024_02.jpg 0 0 401 423
024_03.jpg 0 0 351 336
024_04.jpg 0 0 509 485
024_05.jpg 0 0 368 404
025_01.jpg 0 0 404 368
025_02.jpg 0 0 290 266
025_03.jpg 0 0 386 363
025_04.jpg 0 0 250 236
025_05.jpg 0 0 307 279
026_01.jpg 0 0 266 255
026_02.jpg 0 0 461 485
026_03.jpg 0 0 242 255
026_04.jpg 0 0 349 349
026_05.jpg 0 0 461 412
027_01.jpg 0 0 331 331
027_02.jpg 0 0 434 378
027_03.jpg 0 0 264 264
027_04.jpg 0 0 336 336
027_05.jpg 0 0 288 288
028_01.jpg 0 0 266 194
028_02.jpg 0 0 461 364
028_03.jpg 0 0 293 250
028_04.jpg 0 0 411 368
028_05.jpg 0 0 351 288
029_01.jpg 0 0 336 350
029_02.jpg 0 0 356 368
029_03.jpg 0 0 389 334
029_04.jpg 0 0 189 161
029_05.jpg 0 0 186 192
030_01.jpg 0 0 552 478
030_02.jpg 0 0 386 386
030_03.jpg 0 0 485 485
030_04.jpg 0 0 404 404
030_05.jpg 0 0 349 276
031_01.jpg 0 0 485 474
031_02.jpg 0 0 264 279
031_03.jpg 0 0 331 331
031_04.jpg 0 0 349 349
031_05.jpg 0 0 461 509
032_01.jpg 0 0 481 478
032_02.jpg 0 0 339 284
032_03.jpg 0 0 320 320
032_04.jpg 0 0 397 356
032_05.jpg 0 0 464 401
033_01.jpg 0 0 217 236
033_02.jpg 0 0 264 279
033_03.jpg 0 0 255 242
033_04.jpg 0 0 404 386
033_05.jpg 0 0 266 255
034_01.jpg 0 0 242 255
034_02.jpg 0 0 349 331
034_03.jpg 0 0 386 349
034_04.jpg 0 0 464 464
034_05.jpg 0 0 279 236
035_01.jpg 0 0 461 436
035_02.jpg 0 0 293 279
035_03.jpg 0 0 279 293
035_04.jpg 0 0 380 401
035_05.jpg 0 0 531 587
036_01.jpg 0 0 304 288
036_02.jpg 0 0 423 353
036_03.jpg 0 0 255 242
036_04.jpg 0 0 623 609
036_05.jpg 0 0 581 560
037_01.jpg 0 0 485 436
037_02.jpg 0 0 485 583
037_03.jpg 0 0 193 220
037_04.jpg 0 0 201 211
037_05.jpg 0 0 201 211
038_01.jpg 0 0 540 495
038_02.jpg 0 0 336 351
038_03.jpg 0 0 456 401
038_04.jpg 0 0 415 389
038_05.jpg 0 0 264 264
039_01.jpg 0 0 368 349
039_02.jpg 0 0 386 368
039_03.jpg 0 0 412 485
039_04.jpg 0 0 250 236
039_05.jpg 0 0 250 293
040_01.jpg 0 0 349 386
040_02.jpg 0 0 231 242
040_03.jpg 0 0 509 509
040_04.jpg 0 0 368 349
040_05.jpg 0 0 368 386
041_01.jpg 0 0 309 317
041_02.jpg 0 0 372 431
041_03.jpg 0 0 348 362
041_04.jpg 0 0 303 292
041_05.jpg 0 0 415 372
042_01.jpg 0 0 349 312
042_02.jpg 0 0 423 423
042_03.jpg 0 0 284 266
042_04.jpg 0 0 614 530
042_05.jpg 0 0 380 358
043_01.jpg 0 0 412 436
043_02.jpg 0 0 368 423
043_03.jpg 0 0 436 461
043_04.jpg 0 0 242 266
043_05.jpg 0 0 378 331
044_01.jpg 0 0 556 448
044_02.jpg 0 0 336 320
044_03.jpg 0 0 320 279
044_04.jpg 0 0 320 264
044_05.jpg 0 0 304 288
045_01.jpg 0 0 461 461
045_02.jpg 0 0 502 502
045_03.jpg 0 0 473 530
045_04.jpg 0 0 331 349
045_05.jpg 0 0 412 412
046_01.jpg 0 0 443 358
046_02.jpg 0 0 585 495
046_03.jpg 0 0 509 436
046_04.jpg 0 0 585 502
046_05.jpg 0 0 509 485
047_01.jpg 0 0 423 401
047_02.jpg 0 0 476 403
047_03.jpg 0 0 481 411
047_04.jpg 0 0 266 231
047_05.jpg 0 0 336 351
048_01.jpg 0 0 356 345
048_02.jpg 0 0 601 652
048_03.jpg 0 0 349 349
048_04.jpg 0 0 304 288
048_05.jpg 0 0 279 250
049_01.jpg 0 0 530 473
049_02.jpg 0 0 423 443
049_03.jpg 0 0 401 380
049_04.jpg 0 0 368 368
049_05.jpg 0 0 614 557
050_01.jpg 0 0 423 312
050_02.jpg 0 0 348 295
050_03.jpg 0 0 255 242
050_04.jpg 0 0 442 370
050_05.jpg 0 0 401 345
051_01.jpg 0 0 502 495
051_02.jpg 0 0 485 461
051_03.jpg 0 0 501 481
051_04.jpg 0 0 515 495
051_05.jpg 0 0 576 608
052_01.jpg 0 0 320 320
052_02.jpg 0 0 320 293
052_03.jpg 0 0 461 388
052_04.jpg 0 0 218 231
052_05.jpg 0 0 386 349
053_01.jpg 0 0 378 368
053_02.jpg 0 0 256 236
053_03.jpg 0 0 295 317
053_04.jpg 0 0 300 295
053_05.jpg 0 0 217 205
054_01.jpg 0 0 320 336
054_02.jpg 0 0 368 368
054_03.jpg 0 0 461 461
054_04.jpg 0 0 384 348
054_05.jpg 0 0 443 401
055_01.jpg 0 0 423 368
055_02.jpg 0 0 289 258
055_03.jpg 0 0 404 349
055_04.jpg 0 0 386 363
055_05.jpg 0 0 403 325
056_01.jpg 0 0 386 368
056_02.jpg 0 0 307 293
056_03.jpg 0 0 423 368
056_04.jpg 0 0 554 523
056_05.jpg 0 0 281 252
057_01.jpg 0 0 256 288
057_02.jpg 0 0 320 304
057_03.jpg 0 0 376 417
057_04.jpg 0 0 331 312
057_05.jpg 0 0 484 387
058_01.jpg 0 0 386 349
058_02.jpg 0 0 461 461
058_03.jpg 0 0 279 266
058_04.jpg 0 0 527 486
058_05.jpg 0 0 423 507
059_01.jpg 0 0 434 415
059_02.jpg 0 0 486 486
059_03.jpg 0 0 368 349
059_04.jpg 0 0 404 349
059_05.jpg 0 0 293 264
060_01.jpg 0 0 530 530
060_02.jpg 0 0 436 461
060_03.jpg 0 0 279 279
060_04.jpg 0 0 557 530
060_05.jpg 0 0 509 485
061_01.jpg 0 0 454 403
061_02.jpg 0 0 304 320
061_03.jpg 0 0 331 349
061_04.jpg 0 0 446 502
061_05.jpg 0 0 448 478
062_01.jpg 0 0 557 530
062_02.jpg 0 0 349 331
062_03.jpg 0 0 293 250
062_04.jpg 0 0 349 331
062_05.jpg 0 0 557 550
063_01.jpg 0 0 404 349
063_02.jpg 0 0 331 323
063_03.jpg 0 0 320 304
063_04.jpg 0 0 585 530
063_05.jpg 0 0 364 317
064_01.jpg 0 0 328 315
064_02.jpg 0 0 250 250
064_03.jpg 0 0 529 442
064_04.jpg 0 0 292 276
064_05.jpg 0 0 484 487
065_01.jpg 0 0 443 443
065_02.jpg 0 0 262 247
065_03.jpg 0 0 395 397
065_04.jpg 0 0 523 497
065_05.jpg 0 0 368 317
066_01.jpg 0 0 255 231
066_02.jpg 0 0 351 320
066_03.jpg 0 0 307 250
066_04.jpg 0 0 368 286
066_05.jpg 0 0 254 211
067_01.jpg 0 0 320 304
067_02.jpg 0 0 336 320
067_03.jpg 0 0 423 401
067_04.jpg 0 0 288 288
067_05.jpg 0 0 179 221
068_01.jpg 0 0 328 284
068_02.jpg 0 0 381 342
068_03.jpg 0 0 473 530
068_04.jpg 0 0 443 423
068_05.jpg 0 0 348 317
069_01.jpg 0 0 266 231
069_02.jpg 0 0 336 288
069_03.jpg 0 0 404 404
069_04.jpg 0 0 461 461
069_05.jpg 0 0 231 242
070_01.jpg 0 0 293 264
070_02.jpg 0 0 404 312
070_03.jpg 0 0 464 423
070_04.jpg 0 0 557 502
070_05.jpg 0 0 448 376
071_01.jpg 0 0 485 509
071_02.jpg 0 0 368 349
071_03.jpg 0 0 255 242
071_04.jpg 0 0 349 331
071_05.jpg 0 0 236 236
072_01.jpg 0 0 441 349
072_02.jpg 0 0 307 279
072_03.jpg 0 0 266 255
072_04.jpg 0 0 461 461
072_05.jpg 0 0 489 481
073_01.jpg 0 0 231 231
073_02.jpg 0 0 264 236
073_03.jpg 0 0 386 349
073_04.jpg 0 0 231 231
073_05.jpg 0 0 242 201
074_01.jpg 0 0 205 200
074_02.jpg 0 0 458 356
074_03.jpg 0 0 331 349
074_04.jpg 0 0 272 295
074_05.jpg 0 0 370 319
075_01.jpg 0 0 401 401
075_02.jpg 0 0 279 279
075_03.jpg 0 0 279 307
075_04.jpg 0 0 288 336
075_05.jpg 0 0 231 231
076_01.jpg 0 0 286 286
076_02.jpg 0 0 279 264
076_03.jpg 0 0 270 276
076_04.jpg 0 0 336 320
076_05.jpg 0 0 404 386
077_01.jpg 0 0 334 236
077_02.jpg 0 0 276 312
077_03.jpg 0 0 351 288
077_04.jpg 0 0 300 311
077_05.jpg 0 0 348 293
078_01.jpg 0 0 331 331
078_02.jpg 0 0 423 368
078_03.jpg 0 0 242 242
078_04.jpg 0 0 428 395
078_05.jpg 0 0 423 401
079_01.jpg 0 0 255 242
079_02.jpg 0 0 319 317
079_03.jpg 0 0 401 401
079_04.jpg 0 0 312 349
079_05.jpg 0 0 307 264
080_01.jpg 0 0 231 255
080_02.jpg 0 0 368 368
080_03.jpg 0 0 436 436
080_04.jpg 0 0 334 315
080_05.jpg 0 0 218 218
081_01.jpg 0 0 443 464
081_02.jpg 0 0 509 485
081_03.jpg 0 0 461 533
081_04.jpg 0 0 293 293
081_05.jpg 0 0 362 331
082_01.jpg 0 0 262 295
082_02.jpg 0 0 286 317
082_03.jpg 0 0 481 531
082_04.jpg 0 0 436 454
082_05.jpg 0 0 278 297
083_01.jpg 0 0 386 312
083_02.jpg 0 0 351 320
083_03.jpg 0 0 404 386
083_04.jpg 0 0 533 509
083_05.jpg 0 0 380 338
084_01.jpg 0 0 293 307
084_02.jpg 0 0 288 304
084_03.jpg 0 0 641 530
084_04.jpg 0 0 203 225
084_05.jpg 0 0 331 331
085_01.jpg 0 0 255 231
085_02.jpg 0 0 386 368
085_03.jpg 0 0 297 284
085_04.jpg 0 0 511 428
085_05.jpg 0 0 557 502
086_01.jpg 0 0 415 425
086_02.jpg 0 0 364 376
086_03.jpg 0 0 256 272
086_04.jpg 0 0 428 405
086_05.jpg 0 0 297 247
087_01.jpg 0 0 464 443
087_02.jpg 0 0 485 426
087_03.jpg 0 0 392 387
087_04.jpg 0 0 255 255
087_05.jpg 0 0 512 576
088_01.jpg 0 0 614 614
088_02.jpg 0 0 362 328
088_03.jpg 0 0 507 478
088_04.jpg 0 0 401 380
088_05.jpg 0 0 423 423
089_01.jpg 0 0 436 425
089_02.jpg 0 0 401 401
089_03.jpg 0 0 412 461
089_04.jpg 0 0 334 336
089_05.jpg 0 0 331 349
090_01.jpg 0 0 409 387
090_02.jpg 0 0 515 548
090_03.jpg 0 0 443 423
090_04.jpg 0 0 515 540
090_05.jpg 0 0 331 368