002_01.jpg 1239 628 387 441
002_02.jpg 1154 570 380 351
002_03.jpg 977 666 380 366
002_04.jpg 265 473 352 336
003_02.jpg 709 433 349 368
003_05.jpg 1496 717 218 220
004_02.jpg 1164 635 310 278
006_05.jpg 1002 381 409 416
007_01.jpg 919 582 422 380
008_01.jpg 985 409 304 304
011_03.jpg 1305 798 222 201
012_03.jpg 983 401 485 534
012_04.jpg 800 617 331 312
012_05.jpg 1333 444 232 213
014_02.jpg 940 497 401 401
017_05.jpg 1069 519 346 312
019_01.jpg 1153 595 437 412
019_03.jpg 692 377 437 437
019_05.jpg 953 681 320 336
021_02.jpg 962 307 422 422
021_03.jpg 411 400 201 194
021_04.jpg 488 506 276 276
024_04.jpg 898 370 443 422
025_04.jpg 1001 468 218 206
026_02.jpg 1004 328 401 422
026_05.jpg 1130 455 401 359
027_02.jpg 1181 686 378 329
027_05.jpg 663 412 251 251
028_02.jpg 729 413 401 317
029_01.jpg 859 490 293 305
029_02.jpg 1212 482 310 320
029_03.jpg 609 485 339 291
030_01.jpg 465 497 480 416
030_05.jpg 441 281 304 240
031_01.jpg 603 624 422 413
032_04.jpg 973 700 346 310
036_02.jpg 779 596 368 307
036_05.jpg 890 444 506 487
038_05.jpg 1135 710 230 230
041_01.jpg 1130 417 269 276
043_03.jpg 962 434 380 401
044_01.jpg 1040 584 484 390
045_01.jpg 539 539 401 401
045_05.jpg 750 624 359 359
049_01.jpg 813 498 461 412
050_04.jpg 454 303 385 322
050_05.jpg 1060 725 349 300
052_02.jpg 347 565 279 255
052_03.jpg 413 455 401 338
053_02.jpg 408 620 223 206
053_04.jpg 24 712 261 257
053_05.jpg 939 637 189 179
056_05.jpg 958 691 245 220
057_01.jpg 1429 454 223 251
057_04.jpg 1065 761 288 272
058_02.jpg 1257 497 401 401
059_03.jpg 1129 281 320 304
060_02.jpg 645 518 380 401
061_05.jpg 416 560 390 416
064_02.jpg 1074 274 218 218
064_03.jpg 1171 349 460 385
065_02.jpg 941 630 228 215
065_03.jpg 522 567 344 346
067_04.jpg 482 690 251 251
068_02.jpg 1137 257 332 298
068_03.jpg 547 522 412 461
071_05.jpg 1171 528 206 206
073_01.jpg 1125 587 201 201
073_02.jpg 553 686 230 206
077_01.jpg 807 528 291 206
077_02.jpg 985 441 240 272
077_04.jpg 249 424 261 271
077_05.jpg 844 298 303 255
078_04.jpg 968 475 373 344
079_02.jpg 1132 395 278 276
079_04.jpg 425 585 272 304
081_02.jpg 772 455 443 422
081_05.jpg 789 419 315 288
082_01.jpg 1263 492 228 257
082_04.jpg 1237 354 380 395
083_05.jpg 1021 433 331 294
084_05.jpg 105 553 288 288
085_04.jpg 900 497 445 373
086_02.jpg 634 710 317 327
086_03.jpg 1413 553 223 237
086_05.jpg 1152 761 259 215
087_05.jpg 934 405 446 501
089_01.jpg 1261 395 380 370
089_02.jpg 984 598 349 349
